-29.670103 -6.288660 2.288660
-37.592357 37.363057 27.949045
1.141956 -25.987382 -33.438486
0.511041 -47.804416 37.526814
46.120172 13.708155 36.017167
33.909091 14.727273 -34.931818
-37.550000 -69.533333 -37.850000
20.994975 59.628141 18.653266
-61.029289 -27.656904 -4.619247
21.575758 -93.737374 -5.111111
36.666667 -44.553191 -45.716312
45.005525 42.685083 8.353591
-42.391489 -79.225532 -1.361702
-23.760000 -1.060000 62.840000
24.388350 -9.572816 -23.533981
26.505051 20.808081 53.414141
23.530686 -63.574007 -54.151625
58.959184 -35.183673 34.857143
-19.050980 -45.639216 -37.929412
36.891304 42.760870 -12.956522
13.379845 -59.348837 9.534884
-10.568421 -18.315789 7.284211
-57.193133 -37.450644 35.896996
61.072961 -29.914163 0.995708
-39.700483 47.004831 7.613527
0.666667 -22.900000 43.250000
51.325843 6.943820 -22.359551
-23.698925 -10.860215 -23.655914
-53.974843 -5.295597 -29.635220
13.531532 12.450450 4.900901
17.234783 -79.686957 -36.295652
40.051282 -69.641026 35.521368
54.052863 -53.418502 17.233480
59.232227 -3.175355 21.137441
11.402062 -17.360825 7.835052
0.070352 45.819095 -20.381910
-42.095238 19.180952 1.523810
-50.040609 -56.131980 -15.269036
-36.400000 -48.161702 52.885106
-29.522936 -85.412844 23.394495
3.032727 -45.098182 -55.098182
26.206573 -6.131455 64.206573
50.172249 -1.655502 -3.311005
-39.711712 -47.639640 -46.216216
-58.374384 -9.152709 23.901478
-9.727599 -62.043011 11.111111
37.418182 38.484848 29.793939
-31.820690 2.027586 -41.020690
52.654028 -51.516588 -14.540284
41.555556 -49.629630 49.629630
27.306931 -2.000000 1.762376
-15.835749 -97.536232 -2.144928
-12.327869 -49.606557 64.245902
15.739130 46.550725 40.434783
8.045249 -28.932127 70.027149
-34.913043 38.913043 -14.326087
-45.175573 -15.847328 49.267176
23.955224 -65.223881 -15.402985
0.510823 45.186147 3.549784
59.098901 -22.901099 -20.967033
27.957447 -87.617021 20.872340
-22.214765 -68.899329 -15.906040
42.985507 20.299517 -0.328502
-45.182796 -25.096774 14.236559
-1.558140 26.279070 55.534884
19.393939 62.787879 -7.414141
-7.508982 20.514970 -16.455090
-56.381818 -53.563636 10.836364
0.349776 8.547085 39.408072
45.423256 -75.060465 -0.669767
48.042194 -13.544304 46.784810
-50.432432 0.054054 -4.648649
-15.547170 53.566038 30.358491
40.693878 -67.714286 -37.322449
-14.808664 -73.263538 45.906137
1.066079 -81.982379 -1.092511
-28.557078 22.931507 48.913242
18.625850 21.020408 -19.047619
4.773333 -56.357333 -29.226667
-20.545455 61.593583 -7.336898
34.173077 -31.500000 59.480769
-37.980392 15.098039 -25.568627
28.222222 -36.572391 -18.707071
14.669145 -73.970260 42.156134
-47.138075 11.991632 31.330544
-43.357401 -66.707581 35.855596
-22.352490 -61.938697 -55.969349
1.178378 -1.718919 60.972973
40.509804 -5.895425 -39.869281
-23.992395 -38.197719 -14.768061
0.280374 -88.000000 21.981308
2.840183 -38.255708 -12.200913
16.382222 -55.386667 62.240000
-49.827160 -31.283951 -24.148148
0.406639 34.033195 26.755187
45.586207 -21.425287 15.011494
-3.131579 63.815789 7.236842
-15.074627 11.164179 3.194030
-12.514286 -79.077551 -37.469388
-25.484444 -26.533333 66.915556